11.0224735   46.0502708
11.0229565   46.0501933
11.0251727   46.049424
11.0257622   46.0492081
11.026263    46.048989
11.0274413   46.0484358
11.0289327   46.0476844
11.0296303   46.0473323
11.0295028   46.0471694
11.0271445   46.0447597
11.0274175   46.0399296
11.0274492   46.0393684
11.0277266   46.0382831
11.0278081   46.0380056
11.0272249   46.0358223
11.0290688   46.0324705
11.0300728   46.027282
11.0301695   46.0267634
11.0301009   46.0258494
11.0285067   46.0154212
11.0280086   46.0107672
11.0285545   46.0072823
11.0326977   45.9871939
11.0332897   45.9861395
11.0334035   45.9859826
11.0339012   45.9854035
11.0357245   45.9832816
11.0361189   45.9829083
11.0368526   45.9823897
11.0391748   45.9861932
11.0456388   45.9967791
11.0462723   45.9999997
11.0466656   46.0026035
11.0480049   46.0115016
11.0481161   46.0122402
11.0483405   46.0137304
11.0483708   46.013932
11.0487514   46.0164084
11.048956    46.0166763
11.0544644   46.0226624
11.0547276   46.022942
11.0550584   46.0232887
11.0576338   46.0258369
11.0581972   46.0263645
11.0586899   46.026818
11.0588224   46.0269155
11.0589745   46.02702
11.0594191   46.0272698
11.081668    46.0241743
11.0819557   46.0240742
11.0829729   46.0236379
11.0830803   46.0235889
11.088209    46.0204761
11.0978707   46.0118339
11.1004198   46.0088014
11.101424    46.0076067
11.1017693   46.0071943
11.1018753   46.0070295
11.1020814   46.0065415
11.1021514   46.0063736
11.1021823   46.0062002
11.1021816   46.0059986
11.1021143   46.0057475
11.1016646   46.004952
11.0939104   45.9941452
11.0982591   45.9926826
11.0988107   45.9924998
11.1044109   45.991722
11.110306    45.9909802
11.1115076   45.9908327
11.112542    45.9907138
11.1143501   45.9906313
11.1153889   45.9902501
11.1166017   45.9897355
11.1168196   45.9896431
11.11707     45.9895368
11.1171445   45.989455
11.1149737   45.9871508
11.113986    45.9861083
11.1113475   45.9835689
11.1211665   45.9850495
11.1343133   45.9799506
11.1393642   45.9785893
11.1481523   45.9775305
11.1508959   45.9781737
11.1543147   45.9805196
11.1596978   45.9813483
11.1584935   45.9909416
11.1583493   46.0011745
11.1583954   46.0013931
11.1583313   46.0014572
11.1582567   46.0016372
11.1590394   46.0026134
11.1593684   46.0032805
11.1594529   46.0034307
11.1594844   46.0034777
11.1598368   46.0035265
11.1600654   46.003552
11.1611693   46.0036077
11.1631281   46.0037046
11.1636786   46.0036522
11.1643523   46.0036369
11.1646598   46.0036618
11.16492     46.0037154
11.1655459   46.0039624
11.1667061   46.004505
11.1667188   46.0045156
11.1668422   46.004618
11.16717     46.004923
11.167362    46.0051059
11.1675069   46.0052443
11.1676324   46.005373
11.1676216   46.0056111
11.1675839   46.0061345
11.1645856   46.0138338
11.1610281   46.0152716
11.158093    46.0175562
11.1598948   46.0190446
11.1667483   46.0237741
11.1673475   46.024102
11.167503    46.0241512
11.1682821   46.0242164
11.1699211   46.0243378
11.1704371   46.024376
11.1718309   46.0244364
11.1735597   46.0245728
11.1766255   46.0249243
11.1797787   46.0252898
11.1836539   46.0265867
11.1858743   46.029356
11.1888313   46.0330438
11.1876123   46.0398957
11.1875969   46.0400301
11.1875816   46.040163
11.1877498   46.0418963
11.187889    46.0433163
11.1878951   46.0433946
11.188794    46.0471551
11.1888308   46.0471839
11.1898216   46.0479596
11.1910519   46.0489227
11.1914047   46.0491989
11.1929156   46.0507269
11.1941897   46.0560558
11.1946085   46.0578074
11.1948226   46.0655547
11.1935635   46.068382
11.1906842   46.0726333
11.1895923   46.0727131
11.1868216   46.0739563
11.186489    46.0741055
11.1859806   46.0743336
11.1852754   46.07465
11.18168     46.0775997
11.1750358   46.0818361
11.172859    46.0812258
11.1720464   46.0826358
11.1749013   46.0853684
11.174505    46.0878428
11.1683167   46.0909425
11.1682173   46.0910092
11.1621045   46.0951104
11.1562322   46.0985771
11.1548423   46.099598
11.1538672   46.1053979
11.1538871   46.108125
11.1538931   46.1083517
11.1539631   46.1092773
11.1539963   46.1094561
11.1540299   46.1096098
11.1577942   46.1184172
11.1579      46.1185852
11.1580266   46.118687
11.1612524   46.1211933
11.1646522   46.1259574
11.1661264   46.1350488
11.166221    46.135693
11.1661894   46.1372172
11.1660546   46.1390314
11.1660365   46.139178
11.1658847   46.1404096
11.1657145   46.1417899
11.1643955   46.1512792
11.1630179   46.1530112
11.1589084   46.152112
11.146961    46.1513107
11.144045    46.1515714
11.1425      46.1516128
11.1356782   46.1514624
11.1353065   46.1514471
11.1346683   46.1514199
11.1334941   46.1513666
11.1236625   46.1489269
11.1226484   46.1475742
11.1201322   46.1418494
11.1190271   46.1417379
11.1191073   46.1406973
11.1193945   46.1395653
11.1194498   46.1391999
11.1193758   46.1388127
11.1190963   46.138446
11.1183869   46.1382008
11.1170558   46.1376048
11.113468    46.1362399
11.1108736   46.1354677
11.1095561   46.13512
11.0939909   46.1302144
11.0928854   46.1296435
11.0909626   46.1280013
11.0898661   46.1280432
11.0862232   46.1270357
11.0832645   46.1253667
11.0840123   46.1217734
11.0758479   46.1106559
11.0686644   46.1030012
11.0655713   46.1006386
11.0549313   46.0929916
11.0548358   46.0928136
11.0546187   46.0925365
11.054475    46.0923287
11.0543758   46.0921014
11.0543014   46.0920088
11.054731    46.0916524
11.0536897   46.0907163
11.0534615   46.0906093
11.0527178   46.0898584
11.0514494   46.0885141
11.0508664   46.0880483
11.0505678   46.0880696
11.0503339   46.0880451
11.0502189   46.0880011
11.0499636   46.0878297
11.049697    46.0876345
11.0497223   46.087614
11.0496789   46.0876147
11.0493685   46.0876096
11.0493586   46.0876112
11.0477726   46.0878744
11.0476127   46.0879367
11.0474697   46.0880308
11.0473858   46.08813
11.0473218   46.088301
11.0473368   46.0885008
11.047346    46.0886231
11.0473426   46.0886569
11.0469471   46.089173
11.0467429   46.089315
11.046718    46.0893235
11.0466575   46.0893851
11.046574    46.0894703
11.0464826   46.089607
11.0463825   46.0897567
11.0462661   46.0898418
11.0461493   46.0899217
11.0457039   46.0895676
11.0455884   46.0894723
11.0453568   46.0893198
11.0448271   46.0889904
11.043897    46.0884071
11.0433358   46.0880552
11.0431195   46.0879177
11.0419523   46.0871957
11.0419069   46.0871679
11.0419156   46.0871548
11.0419901   46.087049
11.0420238   46.0870198
11.0422322   46.0868825
11.0422708   46.086853
11.0422741   46.0868182
11.0422552   46.0867741
11.0417389   46.0863314
11.0422308   46.0858906
11.041933    46.0857527
11.0413773   46.085526
11.0405708   46.0852171
11.040331    46.0850935
11.0385131   46.0841566
11.037662    46.0847277
11.0372486   46.0850051
11.0381246   46.0855489
11.0382647   46.0856359
11.0379243   46.0859518
11.0371504   46.0855595
11.0367697   46.0852988
11.0365184   46.0855089
11.0351924   46.086324
11.0357185   46.0878279
11.0361638   46.0893325
11.0357997   46.0905766
11.0357064   46.0907549
11.0347199   46.091635
11.0334575   46.092466
11.0307276   46.0928794
11.0304511   46.0929104
11.0301845   46.0929323
11.0272918   46.0885761
11.0278346   46.0866647
11.0280422   46.0862436
11.0287996   46.0833754
11.0288945   46.0829865
11.0292137   46.0797687
11.029288    46.076772
11.0292129   46.0766893
11.0290657   46.0765926
11.0288788   46.0765141
11.0285935   46.0764077
11.0283306   46.0763747
11.0268191   46.0762156
11.0257829   46.0762644
11.0252694   46.0763403
11.0226467   46.0730106
11.022569    46.07285
11.0226063   46.0722388
11.0226446   46.0719482
11.0238699   46.0658216
11.0242108   46.0641607
11.0243739   46.0640083
11.0255415   46.0629179
11.026292    46.0614417
11.0272595   46.0595039
11.0273092   46.0585425
11.0272789   46.0568298
11.0272635   46.0566786
11.0272283   46.0565526
11.0235022   46.0524678
11.0224735   46.0502708